001000111011110100000000000b1100
10101111111111010000000000000000
10101110001111010000000000000100
10101100100111010000000000001000
00101001000001000000000000000001
00010001000000000000000000001001
00100000010001000000000000000000
00001000000000000000000000001111
001000001000010000000000000000b1
00001100000000000000000000000001
00100010001000100000000000000000
001000001000010000000000000000b1
00001100000000000000000000000001
00000000010100010001000000100000
10001111111111010000000000000000
10001100100111010000000000001000
10001110001111010000000000000100
00100011101111010000000000001100
00100011111000000000000000001000
